[eth]
start = 2021-05-25T12:00:00.0000000Z
anterior = 0.06564102039359858

[ltc]
start = 2021-05-22T00:00:00.0000000Z
anterior = 0.0048268107444649905

[doge]
start = 2021-05-22T01:00:00.0000000Z
anterior = 9.45373768793686e-06

[btc]
start = 2021-05-22T00:00:00.0000000Z
anterior = 37276.72254799597

