[eth]
start = 2018-01-01T10:00:00.0000000Z
anterior = 0.0551155022903293

[ltc]
start = 2018-01-01T05:00:00.0000000Z
anterior = 0.016530051648961794

[doge]
start = 2021-05-22T01:00:00.0000000Z
anterior = 9.45373768793686e-06

[btc]
start = 2018-01-01T05:00:00.0000000Z
anterior = 13609.696662507931

